Month,Gamer,Super Gamer,Creator,Super Creator,Viewer,total,cumsum
1,2.0,3.0,6.0,4.0,1.0,16,16
2,2.0,0.0,6.0,5.0,2.0,15,31
3,3.0,1.0,4.0,3.0,2.0,13,44
4,3.0,3.0,3.0,2.0,3.0,14,58
5,3.0,3.0,3.0,4.0,2.0,15,73
6,1.0,1.0,1.0,0.0,6.0,9,82
7,1.0,4.0,5.0,2.0,5.0,17,99
8,2.0,3.0,2.0,3.0,2.0,12,111
9,4.0,2.0,1.0,1.0,0.0,8,119
10,2.0,1.0,4.0,3.0,1.0,11,130
11,1.0,3.0,5.0,5.0,2.0,16,146
12,2.0,1.0,0.0,0.0,0.0,3,149
